3 0.483254 0.769670 0.159091 0.156091
3 0.683313 0.799492 0.164474 0.192893
3 0.815191 0.851523 0.080144 0.114213
3 0.918062 0.860406 0.107656 0.142132
3 0.337620 0.758249 0.102273 0.143401
3 0.222488 0.748096 0.089713 0.148477
3 0.340311 0.579949 0.053828 0.058376
3 0.416567 0.586294 0.047249 0.040609
3 0.497010 0.592640 0.052632 0.045685
3 0.663577 0.622462 0.043660 0.054569
3 0.757476 0.626904 0.048445 0.053299
3 0.844797 0.644036 0.055622 0.052030
3 0.931818 0.651015 0.058612 0.048223
3 0.080144 0.539340 0.049043 0.043147
3 0.199462 0.563452 0.068780 0.050761
3 0.030801 0.687183 0.050837 0.102792
3 0.094797 0.683376 0.060407 0.067259
3 0.130981 0.711294 0.087321 0.090102