5 0.876794 0.367493 0.110048 0.137076
5 0.641148 0.377285 0.137560 0.167102
5 0.906100 0.589426 0.165072 0.142298
4 0.641447 0.852480 0.090311 0.167102
4 0.889653 0.853786 0.096292 0.177546
3 0.115132 0.152742 0.151316 0.242820
3 0.375897 0.110313 0.194378 0.144909
3 0.637261 0.130548 0.148923 0.159269
3 0.869318 0.124021 0.162081 0.193211
3 0.372010 0.387076 0.132775 0.087467
3 0.134868 0.394256 0.119019 0.114883
3 0.136364 0.616841 0.228469 0.108355
3 0.144737 0.853786 0.161483 0.203655
3 0.383074 0.857702 0.146531 0.185379
3 0.381878 0.586815 0.159689 0.189295
3 0.637261 0.593995 0.190789 0.195822