1 0.126794 0.150783 0.133971 0.228460
1 0.323266 0.173629 0.150120 0.258486
1 0.505682 0.164491 0.130981 0.253264
1 0.688397 0.193864 0.172249 0.212794
1 0.865730 0.169060 0.108254 0.231070
1 0.870813 0.431462 0.124402 0.191906
1 0.872309 0.745431 0.147727 0.328982
1 0.683612 0.467363 0.127990 0.237598
1 0.684510 0.774804 0.122608 0.259791
1 0.498505 0.777415 0.125000 0.225849
1 0.509569 0.477807 0.124402 0.321149
1 0.317883 0.481723 0.110646 0.242820
1 0.130682 0.471279 0.108254 0.271540
1 0.127990 0.755875 0.101675 0.237598
1 0.310108 0.778721 0.101077 0.225849