1 0.466806 0.279373 0.056818 0.114883
1 0.395933 0.423629 0.058612 0.108355
1 0.477871 0.466057 0.049043 0.093995
1 0.680921 0.498695 0.060407 0.148825
1 0.551136 0.654047 0.067584 0.117493
1 0.445275 0.591384 0.065191 0.096606
1 0.329246 0.446475 0.048445 0.138381
1 0.256280 0.460183 0.067584 0.103133
1 0.876196 0.173629 0.065789 0.122715
1 0.765550 0.235640 0.093301 0.108355
1 0.531998 0.829634 0.068780 0.155352
1 0.604366 0.870104 0.052033 0.126632
1 0.232955 0.660574 0.043660 0.107050
1 0.112440 0.281984 0.057416 0.120104
1 0.063098 0.144909 0.050837 0.114883
1 0.075957 0.048303 0.057416 0.080940
1 0.255084 0.054178 0.044856 0.097911