1 0.741029 0.134465 0.081340 0.268930
1 0.821172 0.164491 0.061005 0.227154
1 0.972189 0.161227 0.049641 0.280679
1 0.695275 0.808747 0.062799 0.231070
1 0.610347 0.813969 0.075957 0.251958
1 0.207237 0.841384 0.055622 0.257180
1 0.283194 0.154700 0.072368 0.238903
1 0.424641 0.139034 0.056220 0.251958
1 0.504486 0.166449 0.060407 0.254569
1 0.590311 0.186031 0.064593 0.254569
1 0.122907 0.138381 0.056818 0.211488
1 0.047249 0.126632 0.056220 0.227154
1 0.055921 0.827023 0.044856 0.215405