1 0.021094 0.930405 0.020312 0.128378
1 0.163281 0.916892 0.167188 0.125676
1 0.322266 0.902027 0.161719 0.114865
1 0.488281 0.871622 0.181250 0.121622
1 0.660156 0.851351 0.181250 0.151351
1 0.807422 0.837162 0.178906 0.152703
1 0.868750 0.610811 0.067187 0.100000
1 0.787109 0.571622 0.082031 0.081081
1 0.719922 0.547297 0.080469 0.072973
1 0.652734 0.513514 0.046094 0.078378
1 0.441016 0.654730 0.213281 0.047297
1 0.348828 0.605405 0.200781 0.043243
1 0.323047 0.573649 0.186719 0.047297
1 0.296094 0.542568 0.137500 0.012162
1 0.253125 0.536486 0.156250 0.054054
1 0.244531 0.504054 0.154688 0.040541
1 0.226563 0.479730 0.117188 0.040541
1 0.194531 0.459459 0.125000 0.024324
1 0.376953 0.422973 0.061719 0.051351
1 0.411328 0.443243 0.019531 0.040541
1 0.465234 0.442568 0.047656 0.050000
1 0.513672 0.460135 0.041406 0.063514
1 0.557813 0.468243 0.050000 0.055405
1 0.604688 0.514865 0.023438 0.100000