2 0.133074 0.111675 0.237440 0.167513
2 0.150718 0.256345 0.261962 0.114213
2 0.151017 0.390863 0.260167 0.116751
2 0.137261 0.526650 0.236244 0.134518
2 0.134270 0.673223 0.236244 0.128173
2 0.152811 0.818528 0.263756 0.139594
2 0.461722 0.123096 0.315789 0.111675
2 0.447967 0.256980 0.236842 0.140863
2 0.448864 0.381345 0.316388 0.128173
2 0.456639 0.527919 0.323565 0.114213
2 0.457237 0.685279 0.347488 0.137056
2 0.414773 0.822335 0.235048 0.124365
2 0.829844 0.126904 0.262560 0.126904
2 0.857057 0.250000 0.247608 0.098985
2 0.692883 0.382614 0.160885 0.186548
2 0.883074 0.385787 0.203947 0.086294
2 0.844797 0.512690 0.275718 0.121827
2 0.828947 0.664975 0.295455 0.177665
2 0.657895 0.831218 0.236842 0.129442