4 0.080742 0.184645 0.064593 0.178934
4 0.200359 0.174492 0.075359 0.184010
4 0.318481 0.177665 0.065191 0.175127
4 0.556220 0.181472 0.052632 0.162437
4 0.792763 0.174492 0.068780 0.145939
4 0.912679 0.181472 0.112440 0.170051
4 0.082835 0.479061 0.059211 0.163706
4 0.201854 0.473985 0.073565 0.151015
4 0.321172 0.486675 0.070574 0.138325
4 0.557715 0.470812 0.074761 0.114213
4 0.795455 0.465102 0.052632 0.194162
4 0.320873 0.746827 0.055622 0.171320
4 0.084629 0.765228 0.048445 0.154822
4 0.556519 0.711294 0.050837 0.206853
4 0.909988 0.772208 0.058014 0.130711
4 0.200957 0.751269 0.095694 0.175127