4 0.865234 0.139189 0.086719 0.210811
4 0.868359 0.379730 0.085156 0.208108
4 0.866016 0.636486 0.122656 0.240541
4 0.866406 0.879054 0.114063 0.179730
4 0.622656 0.880405 0.235937 0.198649
4 0.373828 0.876351 0.247656 0.158108
4 0.121875 0.885135 0.185938 0.167568
4 0.122656 0.631757 0.215625 0.217568
4 0.122656 0.373649 0.132813 0.222973
4 0.119141 0.122973 0.166406 0.213514
4 0.375000 0.133108 0.209375 0.171622
4 0.375391 0.387838 0.163281 0.205405
4 0.373828 0.642568 0.155469 0.225676
4 0.617969 0.625676 0.198437 0.210811
4 0.614453 0.137838 0.164844 0.213514
4 0.615625 0.381757 0.225000 0.185135