1 0.114062 0.261486 0.145312 0.463514
1 0.260937 0.139189 0.120313 0.227027
1 0.385156 0.138514 0.143750 0.150000
1 0.543359 0.147297 0.132031 0.264865
1 0.769922 0.092568 0.357031 0.122973
1 0.705859 0.391892 0.172656 0.408108
1 0.619922 0.433108 0.333594 0.295946
1 0.397266 0.422297 0.139844 0.295946
1 0.254297 0.402703 0.164844 0.316216
1 0.181250 0.643243 0.254688 0.183784
1 0.553516 0.642568 0.519531 0.204054
1 0.887891 0.718919 0.122656 0.454054
1 0.881641 0.317568 0.166406 0.302703
1 0.640234 0.843243 0.341406 0.202703
1 0.254297 0.827027 0.417969 0.213514
1 0.114062 0.261486 0.145312 0.463514
1 0.260937 0.139189 0.120313 0.227027
1 0.385156 0.138514 0.143750 0.150000
1 0.543359 0.147297 0.132031 0.264865
1 0.769922 0.092568 0.357031 0.122973
1 0.705859 0.391892 0.172656 0.408108
1 0.619922 0.433108 0.333594 0.295946
1 0.397266 0.422297 0.139844 0.295946
1 0.254297 0.402703 0.164844 0.316216
1 0.181250 0.643243 0.254688 0.183784
1 0.553516 0.642568 0.519531 0.204054
1 0.887891 0.718919 0.122656 0.454054
1 0.881641 0.317568 0.166406 0.302703
1 0.640234 0.843243 0.341406 0.202703
1 0.254297 0.827027 0.417969 0.213514