2 0.214844 0.207432 0.068750 0.082432
2 0.371875 0.271622 0.098437 0.113514
2 0.505078 0.260135 0.110156 0.114865
2 0.563281 0.216892 0.075000 0.109459
2 0.294141 0.428378 0.133594 0.178378
2 0.487891 0.426351 0.146094 0.187838
2 0.688672 0.433108 0.175781 0.231081
2 0.878125 0.433784 0.184375 0.229730
2 0.369922 0.624324 0.183594 0.240541
2 0.625391 0.616892 0.210156 0.236486
2 0.880078 0.608108 0.221094 0.205405
2 0.479297 0.889189 0.271094 0.208108
2 0.864453 0.879054 0.264844 0.209459