2 0.090625 0.196622 0.090625 0.214865
2 0.208594 0.197973 0.084375 0.201351
2 0.321875 0.191892 0.079687 0.183784
2 0.433984 0.199324 0.066406 0.158108
2 0.575391 0.191892 0.096094 0.205405
2 0.692969 0.198649 0.096875 0.205405
2 0.799219 0.191216 0.076563 0.190541
2 0.915625 0.198649 0.059375 0.191892
2 0.090625 0.614189 0.090625 0.185135
2 0.575000 0.610811 0.084375 0.189189
2 0.433984 0.614865 0.060156 0.167568
2 0.323047 0.604054 0.069531 0.167568
2 0.208203 0.609459 0.077344 0.181081
2 0.094531 0.405405 0.087500 0.172973
2 0.208984 0.406757 0.072656 0.178378
2 0.318359 0.406081 0.072656 0.198649
2 0.432031 0.402703 0.065625 0.175676
2 0.574609 0.401351 0.085156 0.189189
2 0.686719 0.402027 0.079687 0.193243
2 0.800781 0.400676 0.071875 0.198649
2 0.912109 0.399324 0.071094 0.160811
2 0.689453 0.610811 0.083594 0.186486
2 0.806250 0.614189 0.081250 0.171622
2 0.912891 0.608784 0.077344 0.155405
2 0.916406 0.814189 0.071875 0.168919
2 0.803125 0.817568 0.081250 0.181081
2 0.691406 0.812162 0.079687 0.178378
2 0.577344 0.814865 0.082813 0.170270
2 0.431250 0.814189 0.067187 0.177027
2 0.318750 0.813514 0.073438 0.183784
2 0.210156 0.818243 0.078125 0.187838
2 0.093359 0.814189 0.085156 0.179730