1 0.081639 0.116751 0.093900 0.182741
1 0.177033 0.133249 0.084928 0.197970
1 0.287081 0.136421 0.092105 0.196701
1 0.405502 0.133883 0.101675 0.199239
1 0.507476 0.132614 0.091507 0.199239
1 0.646232 0.131345 0.130981 0.227157
1 0.779306 0.126904 0.118421 0.208122
1 0.915371 0.125635 0.119019 0.215736
1 0.522129 0.368020 0.112440 0.223350
1 0.639055 0.368655 0.105861 0.209391
1 0.517644 0.595812 0.095096 0.199239
1 0.643242 0.592640 0.115431 0.205584
1 0.903708 0.799492 0.101675 0.210660
1 0.776914 0.802030 0.104067 0.195431
1 0.641148 0.805203 0.111244 0.209391
1 0.515251 0.805838 0.097488 0.185279
1 0.393840 0.801396 0.119019 0.206853
1 0.250598 0.770939 0.139952 0.224619
1 0.104067 0.794416 0.130383 0.248731