1 0.280469 0.633784 0.503125 0.386486
1 0.705859 0.429054 0.352344 0.322973
1 0.350391 0.348649 0.258594 0.194595
1 0.101953 0.316216 0.175781 0.189189
1 0.813281 0.325000 0.140625 0.133784
1 0.848828 0.292568 0.103906 0.098649
1 0.544531 0.248649 0.060938 0.043243
1 0.600391 0.229054 0.063281 0.047297
1 0.672656 0.203378 0.034375 0.050000
1 0.704297 0.194595 0.039844 0.040541
1 0.745313 0.182432 0.031250 0.040541
1 0.779687 0.172297 0.031250 0.031081
1 0.425000 0.093243 0.028125 0.043243
1 0.463672 0.089865 0.027344 0.039189
1 0.490625 0.090541 0.014063 0.024324
1 0.340234 0.114865 0.028906 0.037838
1 0.183203 0.130405 0.072656 0.041892
1 0.285937 0.222297 0.089063 0.050000
1 0.358203 0.206757 0.063281 0.037838
1 0.421484 0.202027 0.050781 0.060811
1 0.473047 0.189865 0.038281 0.055405
1 0.518359 0.181081 0.033594 0.059459
1 0.558594 0.170946 0.026563 0.052703
1 0.587891 0.164189 0.021094 0.036486
1 0.616797 0.156757 0.027344 0.027027