4 0.292969 0.491892 0.060937 0.067568
4 0.386328 0.370270 0.111719 0.083784
4 0.591016 0.061486 0.083594 0.068919
4 0.724609 0.441216 0.157031 0.147297
4 0.542578 0.252027 0.077344 0.058108
4 0.359766 0.134459 0.082031 0.101351
4 0.419922 0.066892 0.069531 0.063514
4 0.214453 0.035135 0.063281 0.051351
4 0.287109 0.027703 0.082031 0.047297
4 0.170313 0.764865 0.082813 0.059459
4 0.335156 0.760811 0.075000 0.070270
4 0.360938 0.605405 0.070313 0.094595
4 0.418750 0.531757 0.079688 0.055405
4 0.583984 0.526351 0.072656 0.063514
4 0.640234 0.600676 0.122656 0.101351
4 0.669531 0.294595 0.084375 0.064865
4 0.859375 0.130405 0.073438 0.082432
4 0.788281 0.024324 0.075000 0.035135
4 0.715625 0.038514 0.062500 0.060811
4 0.085547 0.052703 0.069531 0.083784
4 0.138672 0.133108 0.132031 0.106757
4 0.043750 0.254054 0.065625 0.067568
4 0.166797 0.300000 0.080469 0.064865
4 0.107031 0.368919 0.075000 0.094595
4 0.331250 0.295270 0.062500 0.060811
4 0.541797 0.721622 0.077344 0.054054
4 0.669531 0.764865 0.082812 0.056757
4 0.835547 0.766216 0.074219 0.056757
4 0.883594 0.844595 0.031250 0.132432
4 0.726172 0.890541 0.163281 0.110811
4 0.605859 0.835135 0.061719 0.094595
4 0.857422 0.604054 0.077344 0.081081
4 0.837500 0.295270 0.073438 0.063514
4 0.633984 0.136486 0.119531 0.078378
4 0.216016 0.444595 0.133594 0.151351
4 0.087891 0.524324 0.072656 0.070270
4 0.139844 0.602027 0.125000 0.104054
4 0.044922 0.727027 0.067969 0.070270
4 0.106641 0.837838 0.080469 0.083784
4 0.390234 0.840541 0.121094 0.083784
4 0.216016 0.895270 0.141406 0.079730
4 0.754687 0.212162 0.285938 0.275676
4 0.475391 0.210135 0.133594 0.158108
4 0.255078 0.208784 0.327344 0.271622
4 0.755469 0.206081 0.289063 0.293243
4 0.866406 0.373649 0.067188 0.114865
4 0.735937 0.672973 0.306250 0.251351
4 0.463672 0.662162 0.150781 0.164865
4 0.062891 0.851351 0.103906 0.145946
4 0.500000 0.856081 0.203125 0.163514
4 0.505859 0.443243 0.280469 0.278378
4 0.086328 0.449324 0.147656 0.298649