1 0.125781 0.514189 0.182812 0.885135
1 0.328516 0.357432 0.183594 0.612162
1 0.324609 0.824324 0.167969 0.267568
1 0.488672 0.829054 0.147656 0.301351
1 0.500000 0.539189 0.121875 0.240541
1 0.495703 0.230405 0.121094 0.339189
1 0.632422 0.195270 0.146094 0.277027
1 0.769922 0.198649 0.111719 0.278378
1 0.895703 0.200676 0.113281 0.293243
1 0.638672 0.487838 0.124219 0.248649
1 0.769922 0.510135 0.110156 0.266216
1 0.902344 0.510135 0.134375 0.241892
1 0.641797 0.818919 0.124219 0.300000
1 0.769922 0.815541 0.108594 0.252703
1 0.902344 0.812838 0.134375 0.266216