1 0.972656 0.775676 0.045313 0.245946
1 0.907813 0.777027 0.085938 0.289189
1 0.825781 0.803378 0.073438 0.252703
1 0.723828 0.802703 0.072656 0.248649
1 0.630078 0.780405 0.063281 0.231081
1 0.557031 0.817568 0.081250 0.251351
1 0.475000 0.825000 0.073438 0.231081
1 0.389062 0.818243 0.064062 0.247297
1 0.295312 0.809459 0.073438 0.243243
1 0.199609 0.814865 0.080469 0.248649
1 0.038281 0.784459 0.075000 0.274324
1 0.287891 0.471622 0.135156 0.105405
1 0.976563 0.190541 0.035937 0.202703
1 0.918359 0.177703 0.071094 0.228378
1 0.845313 0.172973 0.062500 0.227027
1 0.772266 0.221622 0.067969 0.251351
1 0.692578 0.175676 0.085156 0.272973
1 0.617969 0.198649 0.068750 0.224324
1 0.535937 0.156081 0.068750 0.250000
1 0.460938 0.185811 0.065625 0.274324
1 0.375391 0.188514 0.069531 0.274324
1 0.294922 0.178378 0.072656 0.216216
1 0.225391 0.172973 0.069531 0.259459
1 0.140234 0.183784 0.063281 0.227027
1 0.067187 0.196622 0.076563 0.268919