1 0.484151 0.526650 0.022129 0.038071
1 0.143242 0.778553 0.062799 0.054569
1 0.707237 0.809010 0.053230 0.054569
1 0.056220 0.723985 0.059809 0.054569
1 0.497608 0.432107 0.017943 0.036802
1 0.502093 0.399112 0.020933 0.021574
1 0.509569 0.366751 0.020335 0.017766
1 0.546651 0.175127 0.011962 0.020305
1 0.547249 0.156726 0.010766 0.013959
1 0.508373 0.344543 0.014354 0.019036
1 0.524821 0.205584 0.011364 0.017766
1 0.525419 0.222081 0.011364 0.012690
1 0.518541 0.269036 0.017943 0.020305
1 0.512261 0.296320 0.014952 0.019036
1 0.515849 0.335660 0.018541 0.026650