2 0.600391 0.549324 0.419531 0.344595
2 0.408203 0.927703 0.163281 0.114865
2 0.541016 0.806081 0.136719 0.109459
2 0.611328 0.932432 0.152344 0.118919
2 0.726563 0.834459 0.148438 0.122973
2 0.912891 0.635135 0.161719 0.116216
2 0.760938 0.731081 0.129688 0.105405
2 0.917188 0.800000 0.128125 0.124324
2 0.910156 0.477703 0.143750 0.112162
2 0.900391 0.350000 0.164844 0.121622
2 0.514844 0.266892 0.628125 0.347297
2 0.087109 0.220946 0.166406 0.122973
2 0.123438 0.359459 0.176563 0.124324
2 0.096484 0.507432 0.163281 0.166216
2 0.096094 0.685135 0.170313 0.116216
2 0.103906 0.814865 0.182812 0.108108
2 0.182812 0.939865 0.203125 0.085135
2 0.278125 0.811486 0.143750 0.114865
2 0.408984 0.760811 0.138281 0.100000
2 0.292969 0.640541 0.176562 0.129730
2 0.292969 0.507432 0.157813 0.095946
2 0.909375 0.087162 0.143750 0.131081