5 0.253888 0.197335 0.260167 0.295685
5 0.491926 0.421320 0.238636 0.246193
5 0.728170 0.692259 0.193182 0.295685
5 0.935407 0.414340 0.127990 0.285533
5 0.728469 0.235406 0.230861 0.354061
5 0.476376 0.093274 0.111842 0.161168
5 0.222189 0.681472 0.251794 0.279188
5 0.483852 0.854061 0.220096 0.187817
5 0.948864 0.868655 0.072368 0.145939
4 0.752392 0.041244 0.117225 0.041878
4 0.728768 0.472716 0.152512 0.110406
4 0.495514 0.234137 0.180024 0.107868
4 0.052033 0.231599 0.093301 0.181472
4 0.045156 0.691624 0.085526 0.187817
4 0.244916 0.911802 0.178828 0.059645
4 0.737739 0.909898 0.196770 0.053299
4 0.945275 0.713832 0.104665 0.130711
4 0.952153 0.239848 0.086124 0.131980
4 0.245514 0.036168 0.089115 0.049492