3 0.697656 0.206081 0.148438 0.158108
3 0.889453 0.306081 0.200781 0.190541
3 0.655078 0.706757 0.144531 0.178378
3 0.806641 0.751351 0.082031 0.102703
3 0.739062 0.905405 0.095312 0.105405
3 0.877734 0.910811 0.044531 0.067568
3 0.940234 0.778378 0.116406 0.143243
3 0.119922 0.299324 0.208594 0.250000
3 0.066797 0.780405 0.124219 0.141892
3 0.130078 0.911486 0.049219 0.082432
3 0.207031 0.752027 0.079688 0.114865
3 0.358594 0.708784 0.142188 0.177027
3 0.273438 0.907432 0.071875 0.106757
3 0.504297 0.493919 0.138281 0.971622