1 0.548047 0.648649 0.060156 0.127027
1 0.680078 0.504730 0.063281 0.101351
1 0.479297 0.455405 0.047656 0.110811
1 0.450000 0.579730 0.062500 0.132432
1 0.404687 0.418919 0.064062 0.129730
1 0.471875 0.282432 0.062500 0.124324
1 0.332422 0.443919 0.057031 0.158108
1 0.265234 0.461486 0.058594 0.095946
1 0.116406 0.279730 0.048437 0.105405
1 0.068359 0.139189 0.058594 0.108108
1 0.078516 0.043919 0.066406 0.082432
1 0.232422 0.666892 0.050781 0.109459
1 0.537109 0.828378 0.071094 0.135135
1 0.606641 0.876351 0.063281 0.136486
1 0.794141 0.242568 0.057031 0.095946
1 0.733594 0.212162 0.057812 0.091892
1 0.878906 0.163514 0.078125 0.094595
1 0.258984 0.060811 0.074219 0.089189