4 0.123438 0.121622 0.198437 0.216216
4 0.130469 0.377027 0.198437 0.283784
4 0.124609 0.627703 0.197656 0.255405
4 0.126563 0.866216 0.185938 0.202703
4 0.370703 0.128378 0.233594 0.256757
4 0.374609 0.379730 0.194531 0.245946
4 0.378906 0.624324 0.195313 0.221622
4 0.375781 0.872973 0.271875 0.175676
4 0.647656 0.844595 0.190625 0.267568
4 0.614453 0.555405 0.189844 0.272973
4 0.646094 0.292568 0.196875 0.352703
4 0.628125 0.122297 0.235937 0.195946
4 0.876953 0.137838 0.197656 0.208108
4 0.894141 0.368919 0.141406 0.335135
4 0.860547 0.610135 0.210156 0.293243
4 0.883594 0.873649 0.212500 0.204054