1 0.103125 0.118919 0.128125 0.135135
1 0.100000 0.452027 0.110937 0.195946
1 0.305469 0.450000 0.120313 0.124324
1 0.307031 0.112838 0.134375 0.114865
1 0.502734 0.125000 0.141406 0.068919
1 0.700391 0.125000 0.088281 0.177027
1 0.901172 0.132432 0.085156 0.154054
1 0.701172 0.452027 0.108594 0.195946
1 0.500000 0.458784 0.110937 0.198649
1 0.912500 0.472297 0.139063 0.128378
1 0.907422 0.778378 0.099219 0.170270
1 0.688281 0.789865 0.076563 0.190541
1 0.496875 0.776351 0.089063 0.187838
1 0.302344 0.797297 0.112500 0.202703
1 0.106250 0.777027 0.125000 0.189189
1 0.103125 0.118919 0.128125 0.135135
1 0.100000 0.452027 0.110937 0.195946
1 0.305469 0.450000 0.120313 0.124324
1 0.307031 0.112838 0.134375 0.114865
1 0.502734 0.125000 0.141406 0.068919
1 0.700391 0.125000 0.088281 0.177027
1 0.901172 0.132432 0.085156 0.154054
1 0.701172 0.452027 0.108594 0.195946
1 0.500000 0.458784 0.110937 0.198649
1 0.912500 0.472297 0.139063 0.128378
1 0.907422 0.778378 0.099219 0.170270
1 0.688281 0.789865 0.076563 0.190541
1 0.496875 0.776351 0.089063 0.187838
1 0.302344 0.797297 0.112500 0.202703
1 0.106250 0.777027 0.125000 0.189189