1 0.101953 0.178378 0.142969 0.297297
1 0.268359 0.185811 0.141406 0.309459
1 0.424609 0.178378 0.158594 0.313514
1 0.578906 0.192568 0.112500 0.360811
1 0.744922 0.192568 0.139844 0.290541
1 0.915234 0.188514 0.153906 0.331081
1 0.736719 0.502027 0.153125 0.295946
1 0.903906 0.542568 0.123438 0.260811
1 0.584766 0.510135 0.139844 0.263514
1 0.422656 0.477027 0.100000 0.332432
1 0.271484 0.520270 0.175781 0.327027
1 0.110156 0.508784 0.145312 0.336486
1 0.098047 0.814865 0.124219 0.248649
1 0.275781 0.812838 0.117188 0.306757
1 0.421875 0.825676 0.135938 0.264865
1 0.576172 0.823649 0.133594 0.274324
1 0.756250 0.825000 0.137500 0.239189
1 0.921875 0.831757 0.093750 0.312162