1 0.875598 0.161802 0.138756 0.257614
1 0.873804 0.447335 0.141148 0.247462
1 0.874701 0.758249 0.135766 0.343909
1 0.692285 0.775381 0.121411 0.271574
1 0.684211 0.463832 0.138756 0.298223
1 0.681220 0.151015 0.132775 0.274112
1 0.500598 0.160533 0.130383 0.260152
1 0.506280 0.442893 0.147727 0.256345
1 0.498804 0.740482 0.131579 0.250000
1 0.313397 0.138325 0.135167 0.238579
1 0.314593 0.465102 0.154306 0.303299
1 0.321172 0.759518 0.143541 0.244924
1 0.128289 0.168782 0.139354 0.238579
1 0.131280 0.454949 0.121411 0.303299
1 0.130682 0.776015 0.135766 0.315990