1 0.209375 0.831757 0.068750 0.274324
1 0.286719 0.147297 0.075000 0.237838
1 0.426172 0.125000 0.053906 0.241892
1 0.505859 0.175000 0.063281 0.263514
1 0.590625 0.174324 0.065625 0.256757
1 0.744531 0.136486 0.073438 0.259459
1 0.825781 0.173649 0.076563 0.247297
1 0.973047 0.163514 0.050781 0.313514
1 0.126563 0.142568 0.076562 0.268919
1 0.047266 0.148649 0.069531 0.291892
1 0.059766 0.843243 0.083594 0.256757
1 0.606250 0.806757 0.084375 0.283784
1 0.698828 0.801351 0.082031 0.262162