3 0.280859 0.286486 0.238281 0.229730
3 0.494922 0.495946 0.244531 0.227027
3 0.703516 0.279730 0.211719 0.240541
3 0.714844 0.711486 0.231250 0.241892
3 0.290234 0.703378 0.232031 0.228378
3 0.124609 0.501351 0.113281 0.245946
3 0.500000 0.135135 0.196875 0.140541
3 0.123828 0.843243 0.114844 0.089189
3 0.501172 0.841892 0.230469 0.097297
4 0.691797 0.145946 0.074219 0.094595
3 0.780078 0.139865 0.063281 0.077027
3 0.779687 0.539189 0.059375 0.075676
3 0.564063 0.337838 0.054688 0.089189
3 0.360156 0.137838 0.065625 0.089189
3 0.347266 0.542568 0.057031 0.071622
3 0.136328 0.342568 0.066406 0.077027
3 0.137500 0.745270 0.048438 0.068919
3 0.562109 0.754054 0.067969 0.078378
4 0.731641 0.370270 0.061719 0.086486
4 0.881250 0.347973 0.032812 0.087838
4 0.841016 0.480405 0.049219 0.066216
4 0.866016 0.647297 0.060156 0.154054
4 0.519531 0.577027 0.054688 0.072973
4 0.416406 0.477703 0.054688 0.068919
4 0.474219 0.344595 0.082812 0.089189
4 0.546875 0.248649 0.068750 0.089189
4 0.625391 0.277703 0.055469 0.068919
4 0.517187 0.162162 0.053125 0.064865
4 0.264453 0.149324 0.085156 0.101351
4 0.089453 0.165541 0.055469 0.055405
4 0.198437 0.275676 0.048438 0.054054
4 0.126953 0.255405 0.071094 0.081081
4 0.302344 0.366892 0.057813 0.068919
4 0.332031 0.457432 0.068750 0.074324
4 0.259766 0.555405 0.083594 0.097297
4 0.552734 0.663514 0.058594 0.094595
4 0.689453 0.544595 0.071094 0.102703
4 0.767969 0.458108 0.075000 0.070270
4 0.669531 0.442568 0.109375 0.131081
4 0.629687 0.689189 0.053125 0.059459
4 0.732031 0.785135 0.057813 0.075676
4 0.766406 0.857432 0.064062 0.058108
4 0.668750 0.838514 0.103125 0.085135
4 0.481250 0.745270 0.095313 0.101351
4 0.298828 0.784459 0.063281 0.052703
4 0.204297 0.687162 0.057031 0.052703
4 0.123438 0.662838 0.070313 0.082432
4 0.094141 0.572297 0.049219 0.068919
4 0.244531 0.439865 0.098438 0.141892
4 0.455859 0.662838 0.102344 0.133784
4 0.463281 0.237838 0.114062 0.116216