5 0.204687 0.088514 0.292187 0.098649
5 0.371875 0.191892 0.170312 0.067568
5 0.573047 0.200000 0.214844 0.110811
5 0.794531 0.095270 0.207812 0.117568
5 0.805859 0.214189 0.161719 0.098649
5 0.635547 0.308108 0.178906 0.113514
5 0.833984 0.325676 0.105469 0.100000
5 0.808984 0.449324 0.158594 0.106757
5 0.804688 0.562162 0.123438 0.102703
5 0.742578 0.709459 0.278906 0.129730
5 0.800391 0.868919 0.207031 0.164865
5 0.517187 0.875676 0.303125 0.140541
5 0.196484 0.902703 0.327344 0.127027
5 0.196484 0.720946 0.342969 0.120270
5 0.471484 0.727703 0.160156 0.082432
5 0.603516 0.578378 0.217969 0.100000
5 0.391406 0.585135 0.176562 0.105405
5 0.487500 0.437162 0.365625 0.139189
5 0.403906 0.327703 0.146875 0.106757
5 0.135547 0.229054 0.138281 0.117568
5 0.174219 0.370270 0.242188 0.113514
5 0.143750 0.489865 0.217187 0.087838
5 0.159375 0.599324 0.242188 0.101351