1 0.131250 0.641892 0.257500 0.289189
1 0.505625 0.816892 0.292500 0.331081
1 0.925938 0.812162 0.136875 0.283784
1 0.856875 0.570946 0.173750 0.150000
1 0.332500 0.537162 0.123750 0.239189
1 0.418125 0.454054 0.033750 0.162162
1 0.545937 0.562162 0.161875 0.143243
1 0.498125 0.416216 0.075000 0.110811
1 0.138750 0.370270 0.065000 0.067568
1 0.030625 0.366892 0.052500 0.101351
1 0.081563 0.364865 0.035625 0.094595
1 0.655000 0.408784 0.031250 0.098649
1 0.618437 0.416216 0.033125 0.102703
1 0.731563 0.375000 0.035625 0.082432
1 0.852500 0.404730 0.041250 0.055405
1 0.912813 0.399324 0.034375 0.055405
1 0.963125 0.429730 0.050000 0.075676
1 0.962187 0.513514 0.069375 0.094595
1 0.880937 0.458784 0.060625 0.071622
1 0.776250 0.434459 0.071250 0.050000
1 0.795000 0.487162 0.093750 0.044595