5 0.868750 0.135811 0.146250 0.147297
5 0.888125 0.579730 0.102500 0.118919
5 0.137187 0.540541 0.111875 0.172973
4 0.636562 0.362838 0.123125 0.190541
3 0.878437 0.370270 0.191875 0.159459
3 0.886562 0.777703 0.146875 0.190541
3 0.644687 0.785811 0.171875 0.163514
3 0.638437 0.574324 0.139375 0.137838
3 0.383437 0.795270 0.180625 0.155405
3 0.136563 0.790541 0.215625 0.256757
3 0.132500 0.360811 0.128750 0.140541
3 0.376875 0.375000 0.152500 0.190541
3 0.389375 0.142568 0.153750 0.128378
4 0.635625 0.123649 0.133750 0.160811