1 0.514062 0.096528 0.057813 0.115278
1 0.400391 0.066667 0.067969 0.052778
1 0.305078 0.062500 0.044531 0.041667
1 0.358984 0.117361 0.044531 0.043056
1 0.314063 0.166667 0.070313 0.069444
1 0.353125 0.380556 0.228125 0.441667
1 0.612891 0.250000 0.088281 0.152778
1 0.628906 0.097222 0.084375 0.158333
1 0.735547 0.087500 0.111719 0.133333
1 0.730469 0.197917 0.134375 0.065278
1 0.753516 0.503472 0.289844 0.537500
1 0.120313 0.413194 0.223437 0.804167
1 0.344922 0.372917 0.232031 0.448611