4 0.467578 0.089189 0.363281 0.145946
4 0.830078 0.102703 0.319531 0.178378
4 0.833203 0.277703 0.242969 0.104054
4 0.857031 0.424324 0.254687 0.189189
4 0.858984 0.633108 0.241406 0.201351
4 0.823828 0.827703 0.322656 0.158108
4 0.519922 0.421622 0.377344 0.227027
4 0.506641 0.269595 0.333594 0.193243
4 0.173828 0.268919 0.342969 0.110811
4 0.171094 0.445946 0.334375 0.124324
4 0.198437 0.655405 0.329688 0.259459
4 0.198828 0.837162 0.352344 0.147297
4 0.132813 0.111486 0.228125 0.160811