1 0.887500 0.166892 0.168750 0.104054
1 0.878906 0.284459 0.146875 0.106757
1 0.882031 0.393919 0.168750 0.112162
1 0.879297 0.510135 0.147656 0.125676
1 0.876172 0.603378 0.158594 0.120270
1 0.835547 0.714189 0.113281 0.112162
1 0.120703 0.186486 0.171094 0.083784
1 0.134766 0.285811 0.177344 0.109459
1 0.121484 0.412162 0.135156 0.124324
1 0.138672 0.504730 0.171094 0.085135
1 0.128906 0.723649 0.146875 0.120270
1 0.130078 0.819595 0.139844 0.095946
1 0.287500 0.566892 0.059375 0.168919
1 0.714063 0.447973 0.073437 0.187838
1 0.438281 0.210135 0.162500 0.122973
1 0.587109 0.797973 0.152344 0.171622