5 0.844531 0.775000 0.268750 0.128378
5 0.510938 0.768919 0.276562 0.086486
5 0.181641 0.770270 0.313281 0.086486
5 0.203516 0.664865 0.328906 0.091892
5 0.776563 0.656081 0.385937 0.104054
5 0.866797 0.545270 0.241406 0.095946
5 0.812109 0.215541 0.302344 0.082432
5 0.856250 0.300676 0.278125 0.066216
5 0.182812 0.210811 0.271875 0.078378
5 0.168750 0.402703 0.254688 0.083784
5 0.476563 0.467568 0.335938 0.086486
5 0.605859 0.564865 0.214844 0.067568
5 0.568750 0.289865 0.215625 0.082432